1

[1, 3, 7, 4, 8, 6, 5, 2]

2

[3, 5, 6, 4, 8, 1, 7, 2]

3

[1, 4, 5, 2, 8, 3, 7, 6]

4

[6, 3, 7, 1, 5, 8, 4, 2]

5

[1, 3, 6, 5, 2, 4, 8, 7]

6

[3, 1, 4, 7, 5, 8, 6, 2]

7

[1, 4, 7, 2, 6, 8, 5, 3]

8

[5, 1, 4, 6, 7, 2, 8, 3]

9

[1, 8, 6, 2, 3, 5, 7, 4]

10

[1, 5, 7, 4, 6, 3, 8, 2]

11

[1, 5, 6, 7, 2, 4, 8, 3]

12

[1, 2, 3, 8, 6, 7, 5, 4]

13

[1, 2, 7, 5, 8, 3, 6, 4]

14

[3, 6, 1, 8, 4, 7, 2, 5]

15

[3, 5, 2, 6, 8, 1, 7, 4]

16

[6, 2, 4, 5, 1, 3, 8, 7]

17

[1, 4, 6, 3, 8, 5, 7, 2]

18

[3, 2, 1, 6, 8, 5, 4, 7]

19

[1, 6, 5, 8, 4, 7, 3, 2]

20

[5, 1, 8, 3, 7, 2, 6, 4]